RP80 = 0.060498220640569395
eval_accuracy = 0.5905923344937446
