RP80 = 0.023255813953488372
eval_accuracy = 0.52734374999897
