RP80 = 0.12811387900355872
eval_accuracy = 0.6097560975599133
