RP80 = 0.08527131782945736
eval_accuracy = 0.5468749999989319
